#OTU ID	YK-9	YK-8	YK-7
Zotu5849	254	1	0
Zotu5483	1	105	92
Zotu6889	1	60	67
Zotu6506	0	86	88
Zotu7676	0	107	66
Zotu7688	0	62	57
Zotu8173	2	70	59
Zotu8214	234	0	0
Zotu7341	94	33	16
Zotu6	48134	1114	60282
Zotu451	109	142	259
Zotu4713	0	1	0
Zotu199	1032	0	0
Zotu4276	1	0	0
Zotu6069	1	0	0
Zotu6676	1	0	0
Zotu2939	6	0	0
Zotu7930	1	0	0
Zotu1207	2	1	0
Zotu8216	3	0	0
Zotu7647	5	0	0
Zotu3726	1	0	0
Zotu4441	1	0	0
Zotu1321	1	0	0
Zotu598	1	0	0
Zotu1619	0	1	0
Zotu5586	3	0	2
Zotu5511	2	0	0
Zotu354	5	0	0
Zotu5364	3	0	0
Zotu7929	36	0	53
Zotu766	1	0	0
Zotu897	25	340	1
Zotu4782	4	0	0
Zotu2598	5	0	0
Zotu6139	2	0	0
Zotu656	2	0	0
Zotu3386	1	0	0
Zotu90	5206	53	10
Zotu540	3	0	0
Zotu7301	4	0	0
Zotu140	2	3	838
Zotu7731	32	0	0
Zotu47	337	99	10123
Zotu383	253	218	1
Zotu48	142	12295	194
Zotu2265	97	0	0
Zotu20	12835	8563	10246
Zotu67	127	9852	17
Zotu8154	10	3	187
Zotu1026	261	1097	69
Zotu4	5955	2828	46965
Zotu10	35287	937	21025
Zotu61	1004	3161	4965
Zotu39	390	16752	60
Zotu11	6965	63802	528
Zotu42	161	124	28
Zotu8105	15	9	2
Zotu4640	22	174	84
Zotu174	59	141	20
Zotu78	121	101	36
Zotu31	388	268	42
Zotu1974	2	0	0
Zotu22	5637	2071	21280
Zotu7	2166	1255	1665
Zotu9	38830	730	22090
Zotu1	23328	15434	3044
Zotu28	716	264	20197
Zotu2	12836	22996	3119
Zotu24	8235	7719	13784
Zotu166	1794	94	387
Zotu21	434	620	60
Zotu1968	1	0	0
Zotu496	55	35	5
Zotu1022	18	8	4
Zotu116	204	558	31
Zotu600	145	156	0
Zotu5279	1	0	0
Zotu30	3396	20409	403
Zotu59	130	100	64
Zotu3904	90	497	46
Zotu5546	238	693	250
Zotu32	11368	199	6733
Zotu12	6198	19704	16904
Zotu2277	3	2	0
Zotu91	202	6007	75
Zotu214	1330	25	156
Zotu68	130	98	19
Zotu60	2706	438	22
Zotu3038	13	124	308
Zotu85	173	164	27
Zotu5	110030	911	230
Zotu244	31	19	3
Zotu95	4475	89	9
Zotu127	149	45	3114
Zotu248	19	6	3
Zotu43	442	147	11506
Zotu171	224	218	1022
Zotu300	16	1053	3
Zotu4464	1	0	0
Zotu156	30	31	13
Zotu63	4673	53	17
Zotu2325	15	104	0
Zotu5688	40	7	640
Zotu14	674	51866	110
Zotu1077	2	0	0
Zotu46	719	92	9484
Zotu8	2482	801	61528
Zotu148	89	36	2403
Zotu33	1349	3247	13184
Zotu4536	0	78	1
Zotu81	174	150	35
Zotu80	3019	53	3086
Zotu18	665	39642	82
Zotu4450	1	79	0
Zotu5359	2	51	0
Zotu8119	1	0	0
Zotu133	2840	22	10
Zotu16	695	47557	100
Zotu108	366	346	494
Zotu4592	0	2	0
Zotu51	7193	3018	86
Zotu2203	2	0	0
Zotu155	2407	35	10
Zotu87	182	46	5245
Zotu699	1	0	0
Zotu370	4	0	0
Zotu111	55	4411	118
Zotu134	2845	20	19
Zotu25	7449	278	13320
Zotu146	90	24	2316
Zotu2163	2	0	0
Zotu7557	1	0	0
Zotu770	1	0	0
Zotu5081	55	1188	2
Zotu4192	0	0	1
Zotu122	474	31	2955
Zotu29	0	98	150
Zotu126	2121	33	1110
Zotu26	813	268	22248
Zotu2662	1	0	0
Zotu2205	2	122	0
Zotu516	597	14	6
Zotu190	24	2010	2
Zotu121	3587	30	8
Zotu539	2	0	0
Zotu676	421	3	1
Zotu1789	1	0	0
Zotu1769	37	122	0
Zotu8062	14	1	10
Zotu2637	15	82	6
Zotu1695	1	0	0
Zotu764	96	5	239
Zotu69	195	75	6808
Zotu7462	2	0	0
Zotu106	4730	29	9
Zotu188	867	46	911
Zotu666	1	0	0
Zotu388	1	0	0
Zotu856	304	1	2
Zotu299	36	8	855
Zotu2387	79	3	0
Zotu1782	121	2	0
Zotu2437	20	388	2
Zotu1887	145	1	3
Zotu6880	25	1	0
Zotu2342	76	0	0
Zotu645	470	4	0
Zotu1446	134	1	99
Zotu456	16	15	2
Zotu2940	89	0	0
Zotu101	259	48	4086
Zotu3663	58	1	4
Zotu3945	4	1	0
Zotu222	31	332	1039
Zotu5032	15	0	0
Zotu66	272	95	7796
Zotu4489	276	233	133
Zotu1861	0	1	0
Zotu13	0	153	204
Zotu125	145	43	3423
Zotu577	0	0	1
Zotu2543	1	0	0
Zotu788	2	0	0
Zotu464	0	0	2
Zotu1018	245	4	21
Zotu4855	1	0	0
Zotu1043	9	3	281
Zotu2580	1	0	0
Zotu221	1474	19	3
Zotu361	63	466	367
Zotu203	386	55	1047
Zotu445	750	6	5
Zotu1435	157	2	52
Zotu538	2	0	0
Zotu129	108	40	10
Zotu4212	1	0	0
Zotu1182	1	0	0
Zotu6350	454	6	188
Zotu34	15117	244	48
Zotu908	9	6	353
Zotu810	38	401	3
Zotu1102	1	0	0
Zotu396	761	5	1
Zotu309	1024	6	2
Zotu1945	1	128	2
Zotu560	1	0	0
Zotu98	4325	51	6
Zotu787	1	0	0
Zotu8176	121	91	131
Zotu6599	1	0	0
Zotu153	73	45	2306
Zotu3026	1	0	0
Zotu3337	1	0	0
Zotu7635	4	0	0
Zotu3504	4	205	1
Zotu3684	3	356	2
Zotu76	6142	48	294
Zotu385	806	61	0
Zotu5212	4	6	0
Zotu38	12877	106	29
Zotu999	2	0	0
Zotu2506	1	0	0
Zotu1465	355	3	3
Zotu3825	2	0	50
Zotu119	245	2090	1421
Zotu1071	1	0	0
Zotu2781	686	9	449
Zotu7689	10	7	3
Zotu144	2943	24	4
Zotu2213	1	0	0
Zotu17	1145	18530	7827
Zotu3172	0	3	0
Zotu709	1	0	0
Zotu7084	14	192	0
Zotu217	39	14	1302
Zotu1143	1	0	0
Zotu5943	1	9	1
Zotu6573	136	119	35
Zotu6734	2	0	0
Zotu6936	0	0	24
Zotu4196	86	884	24
Zotu484	2	0	0
Zotu197	34	1676	4
Zotu972	2	3	0
Zotu590	460	8	23
Zotu550	25	635	283
Zotu220	1	0	0
Zotu45	6738	144	4457
Zotu185	2	0	0
Zotu504	3	0	0
Zotu238	420	9	803
Zotu1187	6	283	1
Zotu184	1008	19	986
Zotu6620	6	0	2
Zotu571	569	7	1
Zotu75	1965	83	4203
Zotu7464	1	0	0
Zotu94	5112	42	243
Zotu2253	1	0	0
Zotu1836	1	1	1
Zotu4146	2	0	0
Zotu183	1525	18	349
Zotu6737	4	6	0
Zotu1730	2	0	0
Zotu2386	1	0	0
Zotu7312	1	0	0
Zotu83	5621	50	14
Zotu611	12	9	1
Zotu36	279	17176	38
Zotu267	248	15	871
Zotu5738	1	0	0
Zotu718	1	4	0
Zotu5240	67	1071	9
Zotu703	0	0	1
Zotu485	1	0	0
Zotu245	38	19	81
Zotu360	12	6	741
Zotu65	2626	1805	72
Zotu4541	1	0	0
Zotu1822	2	0	0
Zotu1755	3	0	0
Zotu104	126	966	3474
Zotu5805	1	0	0
Zotu1558	1	0	0
Zotu1412	8	1	169
Zotu215	3	0	0
Zotu7699	1	0	0
Zotu193	53	841	896
Zotu1743	1	0	0
Zotu4232	1	0	0
Zotu37	666	241	13522
Zotu946	0	1	0
Zotu219	23	24	3
Zotu4182	116	327	114
Zotu6761	282	4	40
Zotu100	94	6018	11
Zotu290	3	0	0
Zotu8118	403	3	1
Zotu1841	1	0	0
Zotu96	86	1478	21
Zotu368	1	0	0
Zotu64	261	113	7420
Zotu3039	0	89	0
Zotu3114	1	0	0
Zotu1248	1	0	0
Zotu251	24	1309	2
Zotu1343	1	0	0
Zotu1524	3	0	0
Zotu514	14	5	486
Zotu3686	0	0	1
Zotu3747	24	243	1
Zotu5088	1	0	0
Zotu74	205	5400	2347
Zotu4666	1	0	0
Zotu4992	0	2	0
Zotu690	2	0	0
Zotu247	45	9	1188
Zotu1701	116	121	1212
Zotu6804	1	0	0
Zotu1615	1	0	0
Zotu7823	1	0	0
Zotu1035	1	0	0
Zotu5584	1	0	13
Zotu3802	1	51	0
Zotu1273	5	8	180
Zotu1579	9	3	134
Zotu2303	34	466	4
Zotu2973	75	1	0
Zotu5263	1	0	39
Zotu293	2	0	0
Zotu315	8	0	0
Zotu958	1	0	0
Zotu454	4	0	0
Zotu4239	29	0	20
Zotu337	4	0	0
Zotu178	18	3	36
Zotu2458	71	3	24
Zotu2643	3	0	0
Zotu2354	1	0	0
Zotu1174	241	4	0
Zotu1017	1	0	0
Zotu3669	28	47	4
Zotu4659	1	0	0
Zotu948	1	0	0
Zotu364	3	22	3
Zotu667	1	0	0
Zotu336	2	0	0
Zotu1395	1	0	0
Zotu5389	3	143	2
Zotu771	3	0	0
Zotu169	9	0	0
Zotu6636	1	1	17
Zotu1100	81	1	0
Zotu223	5	0	0
Zotu1101	5	0	0
Zotu180	7	0	0
Zotu1361	2	5	0
Zotu3418	2	0	0
Zotu1662	142	1	0
Zotu2323	1	0	0
Zotu154	0	1	0
Zotu790	2	0	0
Zotu4040	32	0	0
Zotu5247	32	0	0
Zotu4595	2	4	32
Zotu3188	5	73	0
Zotu5130	24	87	1
Zotu2238	76	1	32
Zotu5880	5	3	2
Zotu570	6	0	0
Zotu8217	0	3	0
Zotu701	7	0	0
Zotu4268	5	1	0
Zotu4166	1	39	0
Zotu1012	2	0	0
Zotu446	1	0	0
Zotu172	1	0	0
Zotu2764	0	57	0
Zotu182	2	0	0
Zotu3285	0	4	0
Zotu5568	0	1	0
Zotu3004	62	1	1
Zotu329	1	0	0
Zotu6685	2	0	0
Zotu4256	1	0	47
Zotu6871	7	0	0
Zotu4365	1	0	0
Zotu2452	1	0	0
Zotu4020	1	0	0
Zotu1525	2	0	0
Zotu4930	37	0	0
Zotu196	13	0	1
Zotu97	6	0	0
Zotu462	3	0	0
Zotu1153	12	10	4
Zotu750	5	7	0
Zotu200	18	12	3
Zotu52	141	9174	41
Zotu575	2	0	0
Zotu1936	1	0	0
Zotu733	4	0	0
Zotu685	1	0	0
Zotu8052	1	0	0
Zotu1648	1	0	0
Zotu6797	1	0	0
Zotu2937	0	28	0
Zotu2121	2	0	0
Zotu157	61	3196	11
Zotu5822	7	83	1
Zotu6434	1	0	0
Zotu233	3	0	0
Zotu7819	1	0	0
Zotu3797	1	0	0
Zotu168	10	0	0
Zotu115	12	0	0
Zotu4231	1	0	0
Zotu915	1	0	0
Zotu439	1	0	0
Zotu1296	0	0	4
Zotu2228	1	0	0
Zotu6195	10	4	30
Zotu3711	1	0	0
Zotu1001	1	0	0
Zotu158	7	0	0
Zotu734	8	3	0
Zotu652	1	0	0
Zotu7482	1	0	0
Zotu6140	19	1	0
Zotu475	2	0	0
Zotu1501	2	0	0
Zotu107	835	1058	2220
Zotu394	2	0	0
Zotu393	4	0	0
Zotu586	1	0	0
Zotu2053	1	0	0
Zotu541	3	0	0
Zotu1156	1	0	0
Zotu1717	1	0	0
Zotu3529	0	0	1
Zotu209	3	0	0
Zotu186	5	0	0
Zotu682	2	0	0
Zotu3476	1	0	0
Zotu3422	1	0	0
Zotu89	172	5101	1855
Zotu1804	1	0	0
Zotu447	2	0	0
Zotu162	3	0	0
Zotu4964	1	0	0
Zotu5109	1	0	0
Zotu4328	1	0	0
Zotu1392	1	0	0
Zotu288	1	1	0
Zotu2429	2	0	0
Zotu2504	2	2	0
Zotu1937	1	0	0
Zotu780	1	0	0
Zotu1216	2	0	0
Zotu6060	2	0	17
Zotu2025	2	0	0
Zotu825	1	0	0
Zotu2866	1	0	0
Zotu859	3	10	1
Zotu4097	1	11	1
Zotu2719	1	0	0
Zotu241	3	0	0
Zotu457	1	0	0
Zotu7354	1	0	0
Zotu608	4	0	0
Zotu2381	4	0	0
Zotu372	2	0	0
Zotu821	2	0	0
Zotu2989	1	0	0
Zotu149	65	3551	9
Zotu5882	2	0	0
Zotu1329	1	0	0
Zotu741	3	0	0
Zotu213	4	0	0
Zotu531	1	0	0
Zotu532	2	0	0
Zotu6451	1	0	0
Zotu473	5	0	0
Zotu5703	2	0	0
Zotu3940	1	0	0
Zotu5055	1	0	0
Zotu79	1324	80	117
Zotu1520	1	0	0
Zotu227	7	0	0
Zotu3335	1	1	1
Zotu1933	1	0	0
Zotu3996	1	0	0
Zotu294	1	0	0
Zotu1786	2	0	0
Zotu6214	4	0	0
Zotu8103	1	0	0
Zotu1183	1	0	0
Zotu181	4	0	0
Zotu894	3	0	0
Zotu8224	0	0	1
Zotu287	3	0	0
Zotu2510	2	0	0
Zotu250	5	0	0
Zotu112	137	44	3631
Zotu6966	1	0	0
Zotu344	3	0	0
Zotu979	2	0	0
Zotu2812	0	0	1
Zotu312	3	0	0
Zotu6078	1	0	0
Zotu7824	1	0	0
Zotu55	236	10207	63
Zotu2435	2	0	0
Zotu1151	1	0	0
Zotu818	1	0	0
Zotu7289	1	0	0
Zotu1493	1	0	0
Zotu3569	1	0	0
Zotu7143	0	0	2
Zotu497	1	0	0
Zotu5515	1	0	0
Zotu4295	1	0	0
Zotu320	1	0	0
Zotu802	1	0	0
Zotu1176	1	0	0
Zotu1903	1	0	0
Zotu594	2	0	0
Zotu1561	1	0	0
Zotu1810	2	0	0
Zotu1344	1	0	0
Zotu4119	1	0	0
Zotu4583	2	0	0
Zotu597	2	0	0
Zotu1122	1	0	0
Zotu5086	13	3	369
Zotu4890	1	0	0
Zotu348	0	0	1
Zotu335	3	0	0
Zotu786	2	0	0
Zotu234	4	1	0
Zotu1725	3	0	0
Zotu92	101	102	23
Zotu653	1	0	0
Zotu123	6	0	0
Zotu3185	1	0	0
Zotu3645	1	0	0
Zotu258	2	0	0
Zotu2261	1	0	0
Zotu510	1	0	0
Zotu5174	0	0	6
Zotu4069	2	0	0
Zotu4702	2	0	6
Zotu1781	2	0	0
Zotu324	3	0	0
Zotu231	2	0	0
Zotu342	0	0	1
Zotu4858	2	1	24
Zotu525	1	0	0
Zotu3836	0	1	0
Zotu3344	1	0	0
Zotu1116	1	0	0
Zotu2031	1	0	0
Zotu246	4	0	0
Zotu6549	1	0	0
Zotu4403	1	0	0
Zotu1965	1	0	0
Zotu198	3	0	0
Zotu7643	1	0	0
Zotu410	1	0	0
Zotu7260	1	0	0
Zotu7178	0	4	0
Zotu357	4	0	0
Zotu3951	1	0	0
Zotu606	1	0	0
Zotu163	6	0	0
Zotu2356	1	0	0
Zotu374	1	0	0
Zotu7597	2	0	0
Zotu1962	1	0	0
Zotu517	1	0	0
Zotu893	1	0	0
Zotu563	1	0	0
Zotu303	2	0	0
Zotu1098	1	0	0
Zotu2651	1	0	0
Zotu6441	1	0	0
Zotu6256	6	0	0
Zotu688	1	0	0
Zotu896	19	331	2
Zotu5872	1	1	0
Zotu1371	2	0	0
Zotu7266	1	0	0
Zotu350	1	0	0
Zotu2495	1	0	0
Zotu6976	1	0	0
Zotu229	2	0	0
Zotu365	3	0	0
Zotu4257	2	216	21
Zotu305	2	0	0
Zotu216	1	0	0
Zotu6554	1	0	0
Zotu7079	1	0	0
Zotu8100	1	0	0
Zotu1267	2	0	0
Zotu664	1	0	0
Zotu6402	1	0	0
Zotu49	7002	105	3686
Zotu978	1	0	0
Zotu923	1	0	0
Zotu3982	1	0	0
Zotu1515	1	0	0
Zotu774	3	0	0
Zotu6175	1	0	0
Zotu7504	1	0	0
Zotu5444	1	0	0
Zotu2269	1	0	0
Zotu558	2	0	6
Zotu1325	5	254	0
Zotu5121	2	0	0
Zotu3011	1	0	0
Zotu708	2	0	0
Zotu1764	1	0	0
Zotu279	2	0	0
Zotu143	3	0	0
Zotu201	3	0	0
Zotu5371	1	0	0
Zotu340	1	0	0
Zotu937	1	0	0
Zotu4837	1	0	0
Zotu632	1	0	0
Zotu1674	1	0	0
Zotu1068	1	0	0
Zotu732	2	0	0
Zotu2332	2	0	0
Zotu99	176	57	4482
Zotu6072	1	0	0
Zotu228	1162	124	2
Zotu2755	1	0	0
Zotu6443	1	0	0
Zotu556	1	0	0
Zotu268	1	0	0
Zotu2546	1	0	0
Zotu1357	0	2	0
Zotu4630	1	0	0
Zotu1104	2	0	0
Zotu983	2	0	0
Zotu2041	1	0	0
Zotu4584	1	0	0
Zotu3792	2	0	1
Zotu7287	1	0	0
Zotu1383	1	0	0
Zotu141	3	1	1
Zotu1611	1	0	0
Zotu2449	1	0	0
Zotu1240	1	0	0
Zotu433	37	8	798
Zotu2137	2	0	0
Zotu1753	2	0	0
Zotu487	4	0	0
Zotu345	1	0	0
Zotu1123	1	0	0
Zotu207	1	0	0
Zotu585	2	0	0
Zotu830	1	0	0
Zotu1196	1	0	0
Zotu6606	1	0	0
Zotu680	1	0	0
Zotu1362	1	0	0
Zotu5432	1	0	0
Zotu2105	1	0	0
Zotu7952	1	0	0
Zotu1094	1	0	0
Zotu7047	1	0	0
Zotu5149	6	0	0
Zotu1448	1	0	0
Zotu6887	1	0	0
Zotu3535	1	0	0
Zotu444	1	0	0
Zotu2136	2	0	0
Zotu2751	1	0	0
Zotu778	2	0	0
Zotu1517	1	0	0
Zotu2583	1	0	0
Zotu432	2	0	0
Zotu285	3	0	0
Zotu1528	1	0	0
Zotu8258	1	0	0
Zotu847	1	0	0
Zotu195	3	0	0
Zotu135	3	0	0
Zotu5479	0	0	2
Zotu6968	1	0	0
Zotu4163	1	0	0
Zotu524	1	0	0
Zotu654	1	0	0
Zotu2777	1	0	0
Zotu754	1	0	0
Zotu1083	1	0	0
Zotu6952	1	0	0
Zotu1728	1	0	0
Zotu1355	1	0	0
Zotu4300	1	0	0
Zotu477	3	0	0
Zotu3234	1	0	0
Zotu2689	13	350	190
Zotu224	39	836	537
Zotu1680	1	0	0
Zotu880	2	0	0
Zotu601	2	0	0
Zotu2988	1	0	0
Zotu2713	1	0	0
Zotu757	2	0	0
Zotu147	2	0	0
Zotu4144	1	0	0
Zotu256	1	0	0
Zotu362	30	13	237
Zotu3633	1	0	0
Zotu651	4	0	0
Zotu1919	0	0	1
Zotu7721	1	0	0
Zotu1445	3	0	0
Zotu5395	1	0	0
Zotu1230	1	0	0
Zotu1430	0	0	1
Zotu343	1	0	0
Zotu5010	1	0	0
Zotu1213	1	0	0
Zotu1320	1	0	0
Zotu7100	1	0	0
Zotu4936	1	0	0
Zotu1727	1	0	0
Zotu5510	1	0	0
Zotu7300	1	0	0
Zotu781	1	0	0
Zotu5061	0	1	0
Zotu261	3	0	0
Zotu867	1	0	0
Zotu1381	1	0	0
Zotu8284	1	0	0
Zotu1639	1	0	0
Zotu1464	1	0	0
Zotu416	1	0	0
Zotu824	1	0	0
Zotu2708	1	0	0
Zotu5202	1	0	0
Zotu706	1	0	0
Zotu2176	1	0	0
Zotu1379	1	0	0
Zotu1406	2	0	0
Zotu3037	1	0	0
Zotu2767	2	0	0
Zotu1221	1	0	0
Zotu5345	2	0	0
Zotu189	1	0	0
Zotu1272	1	0	0
Zotu3762	1	0	0
Zotu5008	1	0	0
Zotu3401	1	0	0
Zotu2258	1	0	0
Zotu6717	1	0	0
Zotu8271	0	1	0
Zotu6324	1	0	0
Zotu5287	1	0	0
Zotu284	2	0	0
Zotu1971	1	0	0
Zotu3200	2	0	0
Zotu6415	1	0	0
Zotu3382	1	0	0
Zotu1066	1	0	0
Zotu1420	1	0	0
Zotu2575	1	0	0
Zotu3332	3	0	67
Zotu5331	1	195	0
Zotu4298	1	0	0
Zotu3512	1	0	0
Zotu545	1	0	0
Zotu2287	0	2	0
Zotu1336	1	0	0
Zotu2043	1	0	0
Zotu412	2	0	0
Zotu989	1	0	0
Zotu1893	7	2	115
Zotu277	2	0	0
Zotu230	1	0	0
Zotu6622	1	0	0
Zotu204	2	0	0
Zotu6234	1	0	0
Zotu6461	1	1	0
Zotu1846	1	0	0
Zotu3195	1	0	0
Zotu366	1	0	1
Zotu8091	0	0	1
Zotu252	424	18	813
Zotu2479	1	0	0
Zotu2094	1	0	0
Zotu346	1	0	0
Zotu8078	1	0	0
Zotu1708	1	0	0
Zotu973	1	0	0
Zotu616	1	0	0
Zotu392	3	0	0
Zotu7542	192	2212	385
Zotu4557	0	1	0
Zotu1499	1	0	0
Zotu639	1	0	0
Zotu3051	1	0	0
Zotu4876	1	0	0
Zotu995	1	0	0
Zotu1040	1	0	0
Zotu2803	1	0	0
Zotu5674	1	0	0
Zotu967	1	0	0
Zotu5037	1	0	0
Zotu3599	1	0	0
Zotu2826	1	0	0
Zotu132	1	0	0
Zotu4114	1	0	0
Zotu4048	1	0	0
Zotu2656	1	0	0
Zotu633	0	1	0
Zotu7262	1	0	0
Zotu1880	2	0	0
Zotu3526	1	0	0
Zotu1015	1	0	0
Zotu7022	1	0	0
Zotu2867	1	0	0
Zotu1175	1	0	0
Zotu5838	1	0	0
Zotu5883	1	0	0
Zotu1173	1	0	0
Zotu1082	1	0	0
Zotu971	2	0	0
Zotu2736	166	406	168
Zotu177	2	0	0
Zotu761	364	7	7
Zotu868	1	0	0
Zotu2225	1	0	0
Zotu533	1	0	0
Zotu643	1	0	0
Zotu486	1	0	0
Zotu2472	1	0	0
Zotu398	1	0	0
Zotu1332	1	0	0
Zotu916	1	0	0
Zotu7031	1	0	0
Zotu518	1	0	0
Zotu3464	1	0	0
Zotu1751	1	0	0
Zotu8270	1	0	0
Zotu3367	1	0	0
Zotu1808	2	0	0
Zotu1262	1	0	0
Zotu7554	1	0	0
Zotu1341	1	0	0
Zotu356	1	0	0
Zotu1494	1	0	0
Zotu2420	1	0	0
Zotu1597	1	0	0
Zotu2151	1	0	0
Zotu6489	1	0	0
Zotu924	2	0	0
Zotu784	1	0	0
Zotu4619	1	0	0
Zotu2188	1	0	0
Zotu1244	0	1	0
Zotu2672	1	0	0
Zotu5732	1	0	0
Zotu559	2	0	0
Zotu683	1	0	0
Zotu8345	1	0	0
Zotu434	1	0	0
Zotu6879	1	0	0
Zotu4649	1	0	0
Zotu874	1	0	0
Zotu7960	1	0	0
Zotu7017	1	0	0
Zotu292	2	0	0
Zotu1051	1	0	0
Zotu521	1	0	0
Zotu1364	1	0	0
Zotu6802	1	0	0
Zotu458	1	0	0
Zotu5361	1	0	0
Zotu2368	1	0	0
Zotu4252	1	0	0
Zotu6579	1	0	0
Zotu5892	1	0	0
Zotu827	1	0	0
Zotu3917	1	0	0
Zotu935	1	0	0
Zotu1172	1	0	0
Zotu7524	1	0	0
Zotu489	1	0	0
Zotu3264	1	0	1
Zotu2930	0	0	1
Zotu334	1	0	0
Zotu2206	1	0	0
Zotu6877	1	0	0
Zotu4220	1	0	0
Zotu578	1	0	0
Zotu6477	1	0	0
Zotu124	3912	45	17
Zotu3501	1	0	0
Zotu448	574	61	5
Zotu326	1	0	0
Zotu73	1908	4687	794
Zotu2406	1	0	0
Zotu4126	1	0	0
Zotu743	1	0	0
Zotu693	1	0	0
Zotu2783	1	0	0
Zotu6027	1	0	0
Zotu722	184	4	138
Zotu3626	1	0	0
Zotu2197	1	0	0
Zotu745	1	0	0
Zotu4986	1	0	0
Zotu2944	1	0	0
Zotu1309	1	0	0
Zotu630	1	0	0
Zotu1904	1	0	0
Zotu1554	1	0	0
Zotu6088	1	0	0
Zotu3566	0	1	0
Zotu2177	1	0	0
Zotu330	1	0	0
Zotu3874	0	1	0
Zotu44	5166	6656	2171
Zotu4312	0	39	0
Zotu2073	164	545	109
Zotu136	2964	61	9
Zotu2331	1	0	65
Zotu23	429	462	58
Zotu1220	11	134	1
Zotu407	141	815	14
Zotu5861	25	104	11
Zotu1627	4	172	1
Zotu117	71	4713	11
Zotu1099	250	0	0
Zotu2899	93	1	16
Zotu5498	15	224	6
Zotu1869	26	187	31
Zotu391	10	7	2
Zotu72	15	3	0
Zotu2527	2	11	0
Zotu4250	1	52	2
Zotu2544	1	0	0
Zotu2355	86	2	0
Zotu5170	46	1	1
Zotu535	483	4	2
Zotu1482	1	0	0
Zotu2673	353	780	206
Zotu7246	37	37	111
Zotu472	204	567	33
Zotu7179	5	7	0
Zotu6190	36	519	2
Zotu82	220	1492	52
Zotu828	399	5	0
Zotu58	3713	2051	16
Zotu2369	2	343	6
Zotu316	101	963	5
Zotu6875	0	0	24
Zotu752	4	0	0
Zotu167	8	0	0
Zotu905	103	641	8
Zotu152	171	554	11
Zotu6983	2	0	0
Zotu1459	2	0	0
Zotu2520	0	2	0
Zotu576	530	7	139
Zotu7149	60	134	27
Zotu114	121	2426	536
Zotu131	49	44	14
Zotu729	5	1586	5
Zotu1763	7	844	2
Zotu2963	1	2	60
Zotu3364	63	293	5
Zotu4199	31	17	19
Zotu6197	19	1	0
Zotu35	4246	592	9606
Zotu194	12	0	0
Zotu105	4413	46	15
Zotu526	0	3	0
Zotu7116	62	73	82
Zotu1642	47	2	83
Zotu3865	3	0	0
Zotu1137	1	0	0
Zotu637	10	10	1
Zotu604	26	18	435
Zotu2217	1	0	0
Zotu367	228	17	414
Zotu1429	1	0	0
Zotu3077	19	144	5
Zotu470	645	6	2
Zotu419	16	12	1
Zotu951	2	0	0
Zotu503	6	752	5
Zotu775	1	0	0
Zotu322	414	1466	26
Zotu262	1052	9	79
Zotu54	768	93	7571
Zotu413	13	923	1
Zotu1564	24	20	3
Zotu2608	29	63	0
Zotu6128	1	0	0
Zotu3640	99	1009	6
Zotu7767	1	0	0
Zotu4525	1	3	53
Zotu6120	1	0	0
Zotu6973	1	0	0
Zotu1587	1	0	0
Zotu4924	2	0	0
Zotu562	225	367	63
Zotu890	3	0	0
Zotu253	32	1315	6
Zotu4945	14	10	0
Zotu2507	2	0	0
Zotu57	7899	76	19
Zotu120	52	25	5
Zotu7498	1	0	0
Zotu2616	3	2	2
Zotu3705	1	0	0
Zotu478	146	112	5
Zotu77	4145	68	1801
Zotu1085	2	0	0
Zotu2859	97	218	16
Zotu8064	34	182	8
Zotu2786	1	0	0
Zotu777	96	212	1
Zotu6499	0	2	0
Zotu130	1	7	1
Zotu649	1	0	0
Zotu3479	2	0	0
Zotu8099	1	0	0
Zotu6325	1	0	0
Zotu6648	35	3	109
Zotu2763	6	1044	0
Zotu2633	2	0	0
Zotu1311	1	0	0
Zotu3938	2	0	0
Zotu4824	2	0	0
Zotu3610	1	0	0
Zotu2858	155	7	31
Zotu2441	1	0	0
Zotu527	8	5	0
Zotu982	1	0	0
Zotu1046	36	15	13
Zotu772	0	1	0
Zotu513	6	0	0
Zotu3046	1	0	0
Zotu7440	6	1	0
Zotu3120	1	0	0
Zotu273	3	0	0
Zotu512	1	0	0
Zotu1179	2	0	0
Zotu328	18	14	6
Zotu1540	405	56	589
Zotu237	30	25	3
Zotu255	1259	18	9
Zotu1164	1	0	0
Zotu269	858	12	150
Zotu5095	1	0	0
Zotu2828	1	0	3
Zotu1760	90	238	443
Zotu1980	2	0	0
Zotu408	8	727	0
Zotu50	356	93	18
Zotu1866	1	0	0
Zotu4602	1	0	0
Zotu926	1	0	0
Zotu3203	32	219	3
Zotu6102	1	0	0
Zotu1631	1	0	0
Zotu986	3	0	0
Zotu192	49	32	7
Zotu6079	3	205	23
Zotu572	2	0	0
Zotu259	16	142	13
Zotu4537	2	0	0
Zotu1142	243	2	7
Zotu663	4	498	0
Zotu331	42	850	76
Zotu2649	1	0	0
Zotu1490	3	6	0
Zotu3360	2	0	0
Zotu7395	1	0	0
Zotu40	258	211	46
Zotu1516	2	0	0
Zotu8012	1	0	0
Zotu3890	1	0	0
Zotu3710	0	1	0
Zotu317	99	149	26
Zotu5856	1	0	0
Zotu353	22	24	3
Zotu7224	1	0	0
Zotu522	2	0	0
Zotu3365	1	0	0
Zotu4288	1	0	0
Zotu543	18	9	1
Zotu1706	1	0	0
Zotu7351	2	117	3
Zotu442	1	0	0
Zotu615	1	0	0
Zotu7528	1	0	0
Zotu631	1	0	0
Zotu3267	2	0	0
Zotu1679	109	1	0
Zotu212	343	32	6
Zotu949	1	0	0
Zotu2161	1	0	0
Zotu6892	0	25	0
Zotu7954	1	0	0
Zotu1065	1	0	0
Zotu6170	1	0	0
Zotu2367	73	49	0
Zotu1121	2	0	0
Zotu2444	1	0	0
Zotu102	147	73	4231
Zotu763	234	10	61
Zotu4236	1	0	0
Zotu499	12	15	12
Zotu1787	1	0	0
Zotu3947	591	2	215
Zotu93	198	135	850
Zotu692	1	0	0
Zotu53	187	105	27
Zotu179	440	119	39
Zotu118	143	45	3346
Zotu669	1	0	0
Zotu318	1	0	0
Zotu691	1	0	0
Zotu295	1	0	0
Zotu113	139	155	153
Zotu886	1	0	0
Zotu2180	1	0	0
Zotu1209	5	3	191
Zotu1023	28	7	615
Zotu2659	1	0	0
Zotu2675	3	0	0
Zotu1266	1	0	0
Zotu1070	1	0	0
Zotu1761	31	59	476
Zotu1020	2	0	0
Zotu5019	1	0	0
Zotu4244	0	0	1
Zotu378	2	0	0
Zotu1236	5	1	69
Zotu740	1	0	0
Zotu4746	2	10	41
Zotu1791	1	1	25
Zotu415	766	6	1
Zotu3009	1	0	0
Zotu1666	1	0	0
Zotu321	34	11	815
Zotu4678	9	3	1
Zotu961	289	0	1
Zotu2960	1	0	0
Zotu4740	85	13	76
Zotu71	129	89	17
Zotu3197	1	0	0
Zotu5626	1	0	0
Zotu642	10	10	0
Zotu573	147	8	225
Zotu1398	1	0	0
Zotu27	306	270	59
Zotu509	136	18	339
Zotu1301	1	0	0
Zotu386	1	0	0
Zotu6679	1	0	0
Zotu1128	1	0	0
Zotu3227	1	0	0
Zotu4675	1	0	0
Zotu7254	26	150	109
Zotu555	699	10	236
Zotu6546	109	196	202
Zotu88	120	49	16
Zotu769	54	9	11
Zotu1854	1	176	1
Zotu56	154	135	31
Zotu2140	313	3	108
Zotu2969	288	391	335
Zotu5989	17	1	0
Zotu409	22	78	90
Zotu2013	3	135	0
Zotu3807	66	673	9
Zotu7218	6	410	1
Zotu62	144	100	297
Zotu6447	14	66	3
Zotu2398	5	19	10
Zotu390	213	2	6
Zotu1765	9	0	38
Zotu1602	64	443	19
Zotu4359	2	1	49
Zotu5621	16	126	64
Zotu7818	1	0	27
Zotu3983	91	48	38
Zotu807	72	184	40
Zotu3494	10	33	11
Zotu5215	13	67	0
Zotu461	26	9	18
Zotu1609	166	2	0
Zotu5910	106	5	42
Zotu1049	285	2	1
Zotu2293	8	2	0
Zotu1409	1	72	0
Zotu1480	1	134	75
Zotu5406	18	257	28
Zotu928	12	9	37
Zotu4957	392	10	2
Zotu151	2528	29	9
Zotu952	10	105	14
Zotu4567	0	1	30
Zotu2917	97	4	0
Zotu377	19	18	4
Zotu297	35	1	1
Zotu4792	36	146	11
Zotu414	24	13	1
Zotu4080	75	0	3
Zotu173	13	11	0
Zotu3751	406	45	22
Zotu698	10	523	2
Zotu5244	1	0	0
Zotu5955	1	0	0
Zotu5136	10	112	92
Zotu7844	12	6	171
Zotu1471	2	219	34
Zotu8231	523	1	1
Zotu5953	25	121	146
Zotu498	600	4	3
Zotu226	16	7	87
Zotu2326	7	489	1
Zotu1957	42	0	2
Zotu711	9	7	356
Zotu791	2	11	1
Zotu6556	272	0	5
Zotu488	8	10	1
Zotu3989	36	1	0
Zotu5726	29	0	0
Zotu1303	124	7	25
Zotu803	7	0	0
Zotu373	16	3	2
Zotu266	12	17	3
Zotu5780	47	7	0
Zotu4839	15	0	20
Zotu6570	1	0	11
Zotu898	75	23	0
Zotu3749	4	66	2
Zotu139	24	25	4
Zotu5906	51	68	29
Zotu582	13	7	2
Zotu165	40	19	4
Zotu84	62	73	16
Zotu280	31	12	3
Zotu3571	4	1	39
Zotu1002	212	1	69
Zotu1276	4	0	159
Zotu405	38	12	69
Zotu2271	8	1	86
Zotu943	6	85	132
Zotu7453	11	85	1
Zotu338	9	13	1
Zotu4129	1	74	0
Zotu6426	13	0	0
Zotu1590	6	1	37
Zotu1849	65	3	63
Zotu2836	0	20	0
Zotu3808	3	288	0
Zotu5246	13	0	89
Zotu815	5	4	0
Zotu4208	17	10	35
Zotu3352	1	0	0
Zotu332	16	24	1
Zotu629	1	1	0
Zotu7883	9	20	0
Zotu913	18	26	5
Zotu4336	15	78	3
Zotu205	11	0	37
Zotu5236	19	25	8
Zotu1963	2	127	0
Zotu3375	56	21	0
Zotu483	19	18	5
Zotu6837	20	0	0
Zotu2716	70	2	1
Zotu3682	2	0	0
Zotu86	871	64	4768
Zotu3776	2	27	3
Zotu128	9	1	0
Zotu3373	0	3	0
Zotu187	3	0	0
Zotu7950	5	47	5
Zotu530	13	3	2
Zotu506	22	9	2
Zotu142	7	0	1
Zotu438	27	13	3
Zotu1941	7	123	0
Zotu4107	23	1	35
Zotu137	53	44	24
Zotu5841	0	24	1
Zotu1166	6	7	26
Zotu904	3	3	0
Zotu469	10	0	0
Zotu278	21	8	60
Zotu5527	2	32	0
Zotu1624	30	13	4
Zotu4547	3	0	0
Zotu210	27	31	3
Zotu595	33	3	0
Zotu6870	51	14	49
Zotu800	7	1	4
Zotu3600	2	0	0
Zotu1563	0	0	10
Zotu403	10	3	6
Zotu275	63	0	1
Zotu7163	5	6	1
Zotu399	15	9	0
Zotu5401	1	0	0
Zotu1305	6	10	0
Zotu6690	0	4	2
Zotu291	1	0	0
Zotu2055	1	0	0
Zotu491	10	7	0
Zotu536	8	3	0
Zotu289	17	12	2
Zotu159	40	16	2
Zotu7445	1	50	17
Zotu6496	1	0	1
Zotu298	1	0	0
Zotu1219	2	0	0
Zotu389	11	14	3
Zotu274	15	23	8
Zotu850	8	3	3
Zotu1025	12	11	7
Zotu674	1	0	0
Zotu380	19	16	5
Zotu1159	18	0	7
Zotu381	12	4	1
Zotu2623	2	1	0
Zotu2414	6	13	2
Zotu2638	0	2	0
Zotu430	8	13	3
Zotu5284	1	18	2
Zotu358	5	6	3
Zotu7794	1	0	0
Zotu160	2	0	1
Zotu5071	1	1	0
Zotu1977	2	0	0
Zotu5778	1	1	1
Zotu2030	1	43	6
Zotu191	4	0	0
Zotu109	8	1	0
Zotu3042	3	0	0
Zotu670	11	7	1
Zotu7988	0	0	17
Zotu3497	1	0	8
Zotu263	2	0	0
Zotu5997	0	0	6
Zotu8263	8	4	0
Zotu720	3	0	0
Zotu596	5	0	0
Zotu1737	2	0	0
Zotu2346	1	0	3
Zotu3228	2	1	0
Zotu202	4	0	0
Zotu6543	3	0	0
Zotu1425	4	5	0
Zotu3559	4	8	0
Zotu145	3	0	2
Zotu2587	1	0	0
Zotu1251	5	7	1
Zotu1275	0	5	0
Zotu474	12	3	0
Zotu3719	0	11	3
Zotu776	3	0	0
Zotu940	1	0	0
Zotu3815	1	0	0
Zotu2860	0	0	2
Zotu3953	1	2	0
Zotu837	1	0	2
Zotu1280	5	0	9
Zotu5233	2	0	0
Zotu1073	3	3	0
Zotu2395	0	19	10
Zotu2830	2	0	29
Zotu7437	3	3	0
Zotu2322	1	0	0
Zotu2714	5	5	0
Zotu3609	4	0	0
Zotu4279	1	0	0
Zotu519	3	0	4
Zotu6154	1	0	2
Zotu4751	1	0	6
Zotu3813	3	5	0
Zotu1298	1	2	1
Zotu4797	1	1	0
Zotu1181	1	1	2
Zotu2954	1	0	0
Zotu3912	1	0	0
Zotu2298	1	4	2
Zotu460	1	0	0
Zotu4273	0	1	0
Zotu1297	1	0	0
Zotu2411	0	1	1
Zotu3263	29	1	0
Zotu371	13	11	0
Zotu6557	3	6	1
Zotu1041	4	2	5
Zotu1375	1	0	0
Zotu1118	3	2	0
Zotu565	6	4	0
Zotu2029	1	0	0
Zotu1900	0	0	5
Zotu2842	1	0	0
Zotu930	1	0	0
Zotu6429	0	0	5
Zotu2113	1	0	0
Zotu1353	1	0	0
Zotu831	5	0	0
Zotu3810	2	1	2
Zotu1013	1	0	1
Zotu5075	1	0	0
Zotu660	2	0	0
Zotu3514	2	0	0
Zotu2076	1	0	0
Zotu1847	1	1	0
Zotu2626	3	0	1
Zotu6713	0	14	0
Zotu2898	1	3	0
Zotu1519	3	0	0
Zotu1047	1	0	0
Zotu873	2	0	0
Zotu2168	3	2	1
Zotu3578	2	1	0
Zotu2901	6	2	0
Zotu696	7	8	3
Zotu4056	7	0	1
Zotu1814	2	1	0
Zotu619	2	2	0
Zotu1005	1	0	0
Zotu985	1	1	0
Zotu1277	4	0	1
Zotu235	2	1	0
Zotu1818	1	1	0
Zotu1488	1	8	0
Zotu436	4	0	0
Zotu2705	2	0	4
Zotu3170	5	0	1
Zotu6284	4	0	0
Zotu7140	1	0	0
Zotu265	7	0	0
Zotu977	7	4	1
Zotu987	3	0	0
Zotu7751	1	0	0
Zotu327	1	0	0
Zotu355	1	0	0
Zotu1115	2	0	0
Zotu323	903	9	0
Zotu423	2	0	0
Zotu6468	0	2	0
Zotu3223	0	2	0
Zotu2833	3	0	1
Zotu3218	0	1	0
Zotu2800	0	2	1
Zotu3574	1	0	0
Zotu424	2	0	0
Zotu2735	1	4	0
Zotu1848	2	0	0
Zotu161	99	23	1956
Zotu243	6	1274	2
Zotu841	2	0	0
Zotu1157	1	0	0
Zotu2950	2	3	1
Zotu3958	0	1	0
Zotu4800	0	3	0
Zotu6750	0	4	0
Zotu1511	1	1	1
Zotu2597	16	2	1
Zotu2792	0	0	1
Zotu3054	1	0	0
Zotu3931	2	0	4
Zotu5219	0	2	0
Zotu2947	1	0	0
Zotu1424	2	2	0
Zotu7064	2	1	1
Zotu1029	0	0	1
Zotu1427	0	4	1
Zotu1485	2	1	0
Zotu785	6	10	1
Zotu1170	10	0	2
Zotu1107	1	4	1
Zotu2691	2	0	0
Zotu738	3	0	0
Zotu4637	1	1	0
Zotu823	1	0	0
Zotu1368	1	0	0
Zotu2275	0	0	4
Zotu1507	0	0	2
Zotu5742	2	0	0
Zotu2223	5	1	0
Zotu3617	1	0	0
Zotu7792	1	0	0
Zotu4624	10	0	0
Zotu557	2	0	0
Zotu175	2	0	1
Zotu482	1	0	0
Zotu614	3	0	0
Zotu662	0	0	2
Zotu612	6	0	0
Zotu1033	1	0	0
Zotu4865	1	0	1
Zotu6931	1	1	4
Zotu7700	1	0	0
Zotu7233	0	2	0
Zotu5669	2	0	0
Zotu1797	2	0	0
Zotu4353	1	0	0
Zotu5949	2	0	0
Zotu3583	1	1	0
Zotu2142	1	2	0
Zotu675	1	0	0
Zotu1673	1	0	0
Zotu812	2	0	0
Zotu427	1	0	0
Zotu1304	1	1	0
Zotu422	2	0	1
Zotu736	1	0	2
Zotu7733	1	0	0
Zotu5946	1	0	0
Zotu1556	2	0	0
Zotu650	1	0	0
Zotu2310	1	0	0
Zotu2756	1	0	0
Zotu4692	1	0	0
Zotu1009	1	0	0
Zotu4436	3	0	0
Zotu384	1	0	0
Zotu6773	1	0	0
Zotu3542	1	0	0
Zotu712	1	0	0
Zotu1089	1	0	0
Zotu468	4	0	0
Zotu3634	1	0	0
Zotu240	1	0	0
Zotu1028	1	0	0
Zotu5765	2	0	0
Zotu1659	2	0	0
Zotu3	1939	174437	293
Zotu150	97	29	2409
Zotu6681	1	0	0
Zotu5040	0	0	1
Zotu2476	1	0	0
Zotu7874	0	1	0
Zotu3075	1	0	0
Zotu4058	2	0	0
Zotu8107	1	0	0
Zotu4763	1	0	0
Zotu359	1	0	0
Zotu2072	1	0	0
Zotu2115	3	0	0
Zotu610	1	2	0
Zotu2810	0	0	1
Zotu760	1	0	0
Zotu1328	1	0	0
Zotu3369	0	0	1
Zotu2389	2	0	0
Zotu1163	1	0	0
Zotu2208	1	0	0
Zotu349	1	0	0
Zotu7544	1	0	0
Zotu4321	1	0	0
Zotu2610	1	0	0
Zotu871	1	0	0
Zotu3065	1	0	2
Zotu8171	1	0	0
Zotu6407	1	0	0
Zotu1623	1	0	1
Zotu2761	1	0	0
Zotu236	1	0	0
Zotu6319	1	0	0
Zotu546	1	0	0
Zotu3111	0	1	0
Zotu4439	1	0	0
Zotu2762	0	2	0
Zotu4428	1	0	0
Zotu4609	1	0	0
Zotu270	1	0	0
Zotu1189	0	0	2
Zotu4483	1	0	0
Zotu1284	1	0	0
Zotu6309	1	0	0
Zotu6307	1	0	0
Zotu1734	1	0	0
Zotu1926	2	0	0
Zotu1155	1	0	0
Zotu2478	2	0	0
Zotu272	1052	12	3
Zotu4360	1	1	0
Zotu2744	2	0	0
Zotu6398	0	0	1
Zotu636	1	0	0
Zotu2399	1	0	0
Zotu869	1	0	0
Zotu7000	0	1	0
Zotu1943	1	0	0
Zotu3598	1	0	0
Zotu593	1	0	0
Zotu3630	1	0	0
Zotu806	1	0	0
Zotu3189	1	0	0
Zotu4708	1	0	0
Zotu4164	0	1	0
Zotu1194	1	0	0
Zotu700	1	0	0
Zotu3341	1	0	0
Zotu2864	1	0	0
Zotu4811	1	0	0
Zotu7459	1	0	0
Zotu3023	1	0	0
Zotu41	294	731	4927
Zotu8314	16	0	0
Zotu2889	64	1	0
Zotu15	29437	18500	131
Zotu2511	1	0	0
Zotu580	1	0	0
Zotu2288	1	0	0
Zotu6917	0	25	0
Zotu6668	7	0	0
Zotu6770	1	0	0
Zotu3278	1	0	0
Zotu1269	1	0	0
Zotu276	380	0	2
Zotu1195	214	0	0
Zotu994	2	24	0
Zotu942	1	0	0
Zotu4605	1	0	0
Zotu1458	1	0	0
Zotu1416	8	1	2
Zotu6111	1	0	0
Zotu3517	1	0	0
Zotu3224	1	0	0
Zotu6707	1	0	0
Zotu2172	1	0	0
Zotu1713	1	0	0
Zotu4804	1	0	0
Zotu8336	1	0	0
Zotu836	13	804	0
Zotu411	201	54	378
Zotu1079	2	4	98
Zotu950	96	2	1
Zotu5960	0	83	0
Zotu4958	1	0	0
Zotu3439	18	24	7
Zotu164	7	0	0
Zotu1988	80	1	1
Zotu3525	53	3	0
Zotu308	13	8	2
Zotu176	27	12	0
Zotu271	5	0	0
Zotu1292	1	0	0
Zotu4887	0	0	7
Zotu281	2	0	0
Zotu2227	3	656	1
Zotu3336	53	2	1
Zotu397	1	0	0
Zotu3392	2	82	0
Zotu242	6	0	0
Zotu7486	10	0	0
Zotu1721	1	0	0
Zotu208	2	0	0
Zotu302	1	0	0
Zotu254	2	0	0
Zotu2445	1	0	0
Zotu2281	9	0	0
Zotu319	17	17	3
Zotu5627	0	21	0
Zotu1442	2	0	0
Zotu6484	1	0	0
Zotu883	2	0	0
Zotu1114	2	0	0
Zotu110	69	4280	10
Zotu2621	1	0	0
Zotu1186	1	0	0
Zotu310	1	0	0
Zotu5616	1	0	0
Zotu1074	2	0	0
Zotu755	1	0	0
Zotu2034	1	0	0
Zotu1327	1	0	0
Zotu799	2	0	0
Zotu428	1	0	0
Zotu592	1	0	0
Zotu2279	1	0	0
Zotu864	1	0	0
Zotu1636	1	0	0
Zotu1141	1	0	0
Zotu2035	4	5	2
Zotu3316	1	0	0
Zotu450	2	0	0
Zotu4369	1	0	0
Zotu2048	1	0	0
Zotu515	3	0	0
Zotu7153	1	0	0
Zotu1665	2	0	0
Zotu1197	1	0	0
Zotu758	1	0	0
Zotu1756	1	0	0
Zotu7778	1	0	0
Zotu3627	1	0	0
Zotu4417	1	0	0
Zotu4723	1	0	0
Zotu808	1	0	0
Zotu599	1	0	0
Zotu218	3	0	0
Zotu2017	1	0	0
Zotu1201	1	0	0
Zotu4154	1	0	0
Zotu1592	1	0	0
Zotu3783	1	0	0
Zotu1108	1	0	0
Zotu2657	1	0	0
Zotu2770	1	0	0
Zotu4095	1	0	0
Zotu627	2	0	0
Zotu829	1	0	0
Zotu3445	1	0	0
Zotu211	2	0	0
Zotu798	1	0	0
Zotu3178	1	0	0
Zotu1226	1	0	0
Zotu494	1	0	0
Zotu617	1	0	0
Zotu304	2	0	0
Zotu945	1	0	0
Zotu2329	1	0	0
Zotu657	1	0	0
Zotu715	2	0	0
Zotu1138	1	0	0
Zotu453	1	0	0
Zotu5476	1	0	0
Zotu804	1	0	0
Zotu4560	1	0	0
Zotu5919	1	0	0
Zotu4611	1	0	0
Zotu2128	1	0	0
Zotu2622	1	0	0
Zotu853	1	0	0
Zotu2015	1	0	0
Zotu5119	1	0	0
Zotu3557	1	0	0
Zotu260	2	0	0
Zotu2548	0	1	0
Zotu481	1	0	0
Zotu523	549	5	5
Zotu2962	80	0	1
Zotu548	13	16	410
Zotu5049	24	5505	6
Zotu7703	21	1418	0
Zotu7803	14	0	0
Zotu19	1386	419	30367
Zotu6460	1	0	0
Zotu3322	0	260	2
Zotu333	35	10	813
Zotu4319	147	146	6
Zotu2648	1	0	0
Zotu7421	1	0	0
Zotu463	1	0	0
Zotu2443	1	429	0
Zotu2379	2	458	0
Zotu4508	1	0	0
Zotu2582	1	0	0
Zotu4682	1	0	0
Zotu1314	1	0	0
Zotu3300	2	302	0
Zotu103	89	4386	12
Zotu2706	228	250	2
Zotu7471	34	0	0
Zotu1888	3	155	1
Zotu7961	1	0	0
Zotu3151	1	0	0
Zotu455	1	0	0
Zotu4760	1	0	0
Zotu1940	1	0	0
Zotu7138	36	0	1
Zotu8033	1	17	0
Zotu70	6520	55	18
Zotu138	80	39	2405
Zotu5252	1	4	2
