#OTU ID	YK-6	YK-4	YK-5
Zotu6889	2	0	0
Zotu7676	1	0	0
Zotu6506	1	0	0
Zotu1691	1	102	0
Zotu451	263	8	1
Zotu1	307642	302548	418240
Zotu7693	0	18	0
Zotu4713	0	64	0
Zotu4065	0	43	0
Zotu199	0	3	1
Zotu8053	0	24	0
Zotu23	9904	5471	18679
Zotu140	579	514	0
Zotu600	0	0	158
Zotu2	112595	46678	209929
Zotu2265	0	0	1
Zotu7929	0	1	0
Zotu82	2996	1559	6621
Zotu21	12233	6354	20693
Zotu389	273	406	231
Zotu383	0	0	149
Zotu2325	1	1	0
Zotu12	6241	4694	3229
Zotu29	95	106	146
Zotu4592	0	0	33
Zotu108	353	2	575
Zotu46	37	82	53
Zotu133	11	18	26
Zotu155	11	28	17
Zotu456	95	104	656
Zotu4	9774	63679	11090
Zotu31	12343	291	7223
Zotu48	35	70	47
Zotu822	0	1	0
Zotu6	447	930	721
Zotu87	14	56	28
Zotu134	7	25	16
Zotu47	42	85	79
Zotu764	3	25	36
Zotu80	20	54	44
Zotu299	2	8	8
Zotu126	25	27	16
Zotu146	6	31	18
Zotu645	1	3	2
Zotu7689	174	353	375
Zotu676	1	3	4
Zotu5032	0	2	1
Zotu25	1224	912	1244
Zotu122	13	34	17
Zotu3945	11	5	38
Zotu20	854	2558	2329
Zotu1446	2	3	5
Zotu8217	0	23	23
Zotu516	0	5	4
Zotu3663	0	0	2
Zotu2342	0	1	0
Zotu1782	1	1	1
Zotu4489	38	90	167
Zotu1887	0	2	1
Zotu174	2353	54	1938
Zotu856	0	3	2
Zotu735	0	1	0
Zotu1182	0	2	0
Zotu88	140	6088	53
Zotu3669	2038	26	1743
Zotu38	54	81	72
Zotu8176	19	40	79
Zotu2637	0	2	0
Zotu94	20	40	43
Zotu1154	0	1	0
Zotu78	4240	81	2432
Zotu1836	81	14	12
Zotu67	32	46	41
Zotu222	7	11	10
Zotu13	114	124	200
Zotu972	112	90	120
Zotu10	296	434	355
Zotu11	215	976	587
Zotu111	18	18	18
Zotu7075	15	8	14
Zotu859	134	76	230
Zotu96	609	191	3086
Zotu1026	820	2553	1410
Zotu42	6002	1417	4327
Zotu908	1	7	2
Zotu219	1332	26	992
Zotu2205	0	1	2
Zotu3684	5	1	1
Zotu197	9	8	9
Zotu61	35	67	48
Zotu6737	0	37	11
Zotu1018	1	2	3
Zotu611	38	477	79
Zotu309	2	6	7
Zotu6936	0	0	1
Zotu445	2	5	3
Zotu3825	1	2	2
Zotu32	83	192	109
Zotu750	49	117	181
Zotu129	235	3053	486
Zotu200	82	1480	21
Zotu8105	470	144	404
Zotu718	2	0	1
Zotu1435	1	2	1
Zotu4196	190	570	408
Zotu26	120	269	204
Zotu8154	2	2	1
Zotu6350	0	6	3
Zotu7	41917	15895	26435
Zotu3504	4	3	9
Zotu84	2543	1220	1881
Zotu17	1965	5569	10603
Zotu114	364	819	3244
Zotu8263	26	489	5
Zotu4097	280	61	355
Zotu76	235	232	123
Zotu5240	5	53	21
Zotu1056	1	0	0
Zotu4146	0	1	0
Zotu125	16	55	27
Zotu5546	2685	1351	4944
Zotu734	288	50	45
Zotu2781	5	4	5
Zotu1701	165	1139	226
Zotu144	21	20	18
Zotu2506	0	1	0
Zotu1606	0	0	1
Zotu5081	4	3	12
Zotu121	12	19	17
Zotu40	7530	3161	5787
Zotu79	1762	1630	1548
Zotu36	51	84	77
Zotu6195	122	14	82
Zotu5482	1	0	0
Zotu3335	36	7	44
Zotu5130	10	26	16
Zotu193	17	37	11
Zotu188	11	16	18
Zotu5880	264	132	302
Zotu1361	20	131	116
Zotu3172	1	32	18
Zotu184	8	13	12
Zotu385	7	5	7
Zotu7079	0	22	0
Zotu5212	0	25	17
Zotu364	3	16	1
Zotu69	26	75	34
Zotu7084	1	57	31
Zotu39	130	87	78
Zotu360	3	8	8
Zotu8168	0	4	12
Zotu92	1585	117	3425
Zotu501	0	2	0
Zotu2287	0	0	54
Zotu2437	2	7	7
Zotu247	7	15	12
Zotu106	17	25	27
Zotu6185	0	3	3
Zotu101	21	62	31
Zotu153	37	28	40
Zotu119	12	19	14
Zotu217	9	18	5
Zotu396	2	8	3
Zotu3792	1	49	2
Zotu251	6	13	7
Zotu98	15	29	11
Zotu178	42	5	28
Zotu7143	7	6	29
Zotu514	3	4	7
Zotu5943	2	25	11
Zotu4285	0	0	1
Zotu4268	9	9	21
Zotu3802	0	1	1
Zotu267	3	8	6
Zotu688	0	59	1
Zotu177	0	1	0
Zotu5568	0	57	6
Zotu8271	0	14	21
Zotu6573	11	9	5
Zotu1174	1	0	1
Zotu4964	0	0	1
Zotu9	898	2578	1783
Zotu203	7	13	6
Zotu362	20	365	61
Zotu810	2	3	3
Zotu380	441	418	583
Zotu2458	0	2	0
Zotu24	418	399	620
Zotu5389	0	0	1
Zotu1187	1	1	0
Zotu1579	0	0	2
Zotu571	2	3	4
Zotu622	1	6	0
Zotu1280	1	0	0
Zotu1945	1	0	0
Zotu361	2	7	6
Zotu487	0	1	0
Zotu1273	0	3	1
Zotu590	5	1	2
Zotu1760	180	57	239
Zotu552	0	1	0
Zotu1412	1	6	1
Zotu1440	1	0	0
Zotu1357	3	0	0
Zotu575	0	1	0
Zotu2808	1	0	0
Zotu8349	0	1	0
Zotu190	5	6	4
Zotu3747	3	1	0
Zotu22	153	404	256
Zotu594	0	0	1
Zotu132	2	0	0
Zotu1465	2	1	2
Zotu391	236	90	638
Zotu5822	0	3	0
Zotu4040	0	1	0
Zotu2303	1	0	0
Zotu2973	0	0	1
Zotu1662	1	2	0
Zotu85	6142	4933	5617
Zotu226	1	0	1
Zotu59	4409	2089	3017
Zotu5584	0	0	1
Zotu1184	1	2	0
Zotu27	11361	5504	8561
Zotu35	80	165	129
Zotu449	1	0	0
Zotu4595	0	1	0
Zotu958	0	1	0
Zotu1769	2	0	0
Zotu8317	0	0	1
Zotu4166	0	0	1
Zotu181	0	1	0
Zotu2975	1	0	1
Zotu4764	0	0	1
Zotu2323	0	1	0
Zotu4640	0	0	1
Zotu1043	1	3	4
Zotu53	2785	4217	2534
Zotu7702	1	0	0
Zotu3940	1	0	0
Zotu4239	0	0	2
Zotu2613	1	0	0
Zotu6761	1	2	0
Zotu1989	0	0	1
Zotu527	331	185	276
Zotu447	1	0	0
Zotu1153	95	111	224
Zotu277	1	0	0
Zotu56	4937	2005	4579
Zotu1100	0	0	1
Zotu173	56	2155	18
Zotu2764	0	0	1
Zotu673	3	0	0
Zotu3188	0	1	0
Zotu1520	0	1	0
Zotu8118	0	2	0
Zotu4616	0	3	0
Zotu2779	1	0	0
Zotu977	123	275	65
Zotu791	111	21	380
Zotu401	0	0	1
Zotu409	0	408	5
Zotu7179	154	30	354
Zotu2937	0	1	0
Zotu410	1	0	0
Zotu123	1	0	0
Zotu406	1	0	0
Zotu708	0	1	0
Zotu1494	0	1	0
Zotu245	297	424	555
Zotu157	13	24	249
Zotu104	27	43	38
Zotu2616	36	24	56
Zotu66	29	67	65
Zotu228	6	9	15
Zotu2828	27	30	52
Zotu62	1283	8506	1589
Zotu4945	206	171	448
Zotu58	851	659	1902
Zotu478	331	256	890
Zotu4257	0	2	1
Zotu116	273	2764	626
Zotu5906	2284	730	2328
Zotu113	272	122	3296
Zotu81	5409	2257	4011
Zotu107	37	47	51
Zotu89	26	44	40
Zotu1073	36	261	55
Zotu722	23	17	43
Zotu117	20	29	26
Zotu50	290	9525	103
Zotu3983	174	515	416
Zotu165	40	1951	244
Zotu68	3321	1389	2768
Zotu1099	1	3	5
Zotu8064	913	367	1555
Zotu137	1080	1560	431
Zotu131	952	962	1904
Zotu419	182	160	473
Zotu358	382	226	287
Zotu100	17	30	30
Zotu71	4246	1851	3172
Zotu4336	64	36	216
Zotu371	483	230	332
Zotu761	3	3	5
Zotu582	22	1017	6
Zotu2331	1	2	1
Zotu381	47	1361	6
Zotu2736	11	11	40
Zotu237	1064	491	935
Zotu1564	769	537	632
Zotu399	59	678	46
Zotu52	616	819	771
Zotu807	192	1010	943
Zotu171	2888	3262	3337
Zotu60	3777	108	1694
Zotu1602	348	199	914
Zotu244	590	654	585
Zotu3494	483	222	781
Zotu192	324	22	1259
Zotu637	103	11	394
Zotu543	337	259	326
Zotu433	6	6	5
Zotu1642	0	0	2
Zotu1251	137	194	142
Zotu139	1194	706	933
Zotu3332	0	0	2
Zotu496	583	166	665
Zotu120	116	3409	60
Zotu1118	13	403	13
Zotu159	64	2335	15
Zotu353	776	11	663
Zotu317	524	431	446
Zotu4250	0	0	1
Zotu1627	0	0	1
Zotu266	488	755	480
Zotu491	539	8	341
Zotu7149	1388	707	2358
Zotu2414	318	160	340
Zotu850	0	281	82
Zotu338	468	223	369
Zotu332	456	66	1062
Zotu93	2560	150	1653
Zotu499	48	17	721
Zotu6648	54	602	76
Zotu179	1195	65	1032
Zotu95	45	321	424
Zotu328	72	1512	45
Zotu474	44	832	134
Zotu289	539	312	470
Zotu377	553	346	618
Zotu913	1198	24	1181
Zotu1869	690	582	370
Zotu536	21	763	2
Zotu37	222	1077	219
Zotu210	1477	36	955
Zotu477	1	0	0
Zotu5086	3	2	0
Zotu530	21	654	1
Zotu1623	4	196	0
Zotu769	29	251	133
Zotu405	381	21	329
Zotu642	189	327	80
Zotu136	4	20	9
Zotu248	33	1224	4
Zotu952	20	42	303
Zotu274	655	585	844
Zotu127	22	41	27
Zotu183	15	27	125
Zotu2626	6	114	2
Zotu28	105	254	175
Zotu1166	0	11	223
Zotu5491	0	1	0
Zotu3077	97	72	285
Zotu64	53	78	86
Zotu3559	55	98	161
Zotu5170	1	1	0
Zotu45	51	92	92
Zotu3578	4	89	14
Zotu7437	10	233	6
Zotu2899	1	0	0
Zotu2395	12	8	46
Zotu1540	29	538	142
Zotu7950	84	61	269
Zotu278	79	230	174
Zotu3228	0	85	0
Zotu2527	59	54	157
Zotu73	35	137	226
Zotu6429	1	5	60
Zotu696	358	43	194
Zotu1277	3	186	60
Zotu2691	7	120	14
Zotu75	216	721	166
Zotu7246	0	1	1
Zotu2762	26	10	81
Zotu488	208	279	161
Zotu1761	146	1142	219
Zotu49	52	210	87
Zotu438	46	1492	20
Zotu4525	0	1	0
Zotu2638	22	23	53
Zotu904	110	186	36
Zotu905	50	213	82
Zotu2597	2	48	107
Zotu65	291	361	682
Zotu5	360	619	526
Zotu670	153	133	151
Zotu3640	2	24	12
Zotu2689	46	29	63
Zotu414	645	362	610
Zotu896	0	0	1
Zotu4321	2	60	2
Zotu33	67	163	129
Zotu1416	84	206	26
Zotu4740	115	333	282
Zotu156	1709	21	277
Zotu1013	20	238	15
Zotu785	67	11	297
Zotu5861	2	77	19
Zotu34	50	103	99
Zotu280	75	857	63
Zotu5403	1	0	0
Zotu2963	0	0	1
Zotu2346	1	103	1
Zotu3111	5	93	10
Zotu4624	56	21	17
Zotu1022	53	154	111
Zotu373	32	1069	10
Zotu44	58	259	161
Zotu5136	20	26	61
Zotu800	1	354	0
Zotu430	338	312	365
Zotu5796	0	79	1
Zotu5236	104	287	354
Zotu461	355	18	321
Zotu4182	20	17	53
Zotu506	8	127	412
Zotu6883	9	10	17
Zotu1624	160	56	267
Zotu1041	106	142	34
Zotu1046	42	212	136
Zotu3953	15	7	44
Zotu3100	33	7	81
Zotu2389	1	150	1
Zotu1425	42	6	256
Zotu30	97	120	190
Zotu5780	16	81	104
Zotu43	68	169	105
Zotu1025	150	212	238
Zotu7163	43	18	165
Zotu1305	46	3	237
Zotu99	23	55	53
Zotu1424	117	3	90
Zotu604	4	9	12
Zotu259	35	26	242
Zotu928	33	53	372
Zotu7542	116	126	77
Zotu5778	28	63	30
Zotu509	0	7	3
Zotu1519	16	156	18
Zotu4797	18	0	25
Zotu3931	2	15	70
Zotu7165	9	4	19
Zotu2223	22	3	95
Zotu2673	23	22	59
Zotu142	0	0	1
Zotu4957	1	18	72
Zotu3904	34	18	101
Zotu7140	4	1	30
Zotu3364	13	16	66
Zotu2326	48	15	145
Zotu3813	26	145	129
Zotu1427	2	170	50
Zotu2858	3	2	4
Zotu2398	27	8	19
Zotu2168	6	194	7
Zotu2277	4	23	104
Zotu2714	71	92	171
Zotu815	59	7	212
Zotu1002	11	8	74
Zotu6407	15	26	15
Zotu238	4	20	10
Zotu124	17	23	27
Zotu1818	17	3	93
Zotu4275	0	38	7
Zotu4058	28	6	31
Zotu2969	64	35	112
Zotu6319	3	2	24
Zotu102	34	69	42
Zotu2293	0	218	85
Zotu5406	38	84	72
Zotu1189	0	27	16
Zotu7844	0	3	26
Zotu1023	3	5	2
Zotu3810	1	5	80
Zotu6546	26	10	67
Zotu2859	0	8	10
Zotu565	79	305	38
Zotu3807	2	13	19
Zotu252	7	12	15
Zotu55	35	67	58
Zotu130	3	6	15
Zotu54	40	86	65
Zotu321	4	14	4
Zotu1107	137	50	42
Zotu3065	2	97	1
Zotu7440	53	46	41
Zotu7453	0	2	1
Zotu316	3	6	4
Zotu112	15	38	34
Zotu1485	3	218	34
Zotu74	46	72	65
Zotu4279	30	70	20
Zotu118	19	58	21
Zotu212	92	4	90
Zotu7345	0	27	8
Zotu6773	35	10	13
Zotu91	21	42	28
Zotu415	2	9	8
Zotu7874	0	36	8
Zotu51	38	75	60
Zotu1847	100	206	23
Zotu4751	0	7	73
Zotu5071	1	57	12
Zotu2833	0	90	12
Zotu6447	5	0	20
Zotu2271	1	1	2
Zotu2800	0	1	4
Zotu3682	0	39	14
Zotu3751	22	19	89
Zotu83	25	41	38
Zotu1659	8	294	3
Zotu2369	1	1	22
Zotu1220	0	2	5
Zotu6870	2	3	2
Zotu483	2	19	12
Zotu7883	44	410	14
Zotu269	10	12	10
Zotu472	11	6	5
Zotu5910	13	18	8
Zotu6053	38	1	10
Zotu3375	0	3	3
Zotu6190	1	10	8
Zotu407	1	5	7
Zotu5498	1	1	6
Zotu663	4	5	3
Zotu470	6	2	4
Zotu390	2	0	2
Zotu3571	0	0	1
Zotu105	20	26	33
Zotu253	1	181	5
Zotu7254	5	5	19
Zotu6468	3	213	2
Zotu1142	3	2	2
Zotu5341	0	0	12
Zotu408	0	4	3
Zotu7064	38	7	9
Zotu1209	1	2	2
Zotu3583	5	113	3
Zotu698	3	6	1
Zotu766	1	0	0
Zotu331	3	9	4
Zotu1325	2	1	1
Zotu3038	2	4	2
Zotu6154	25	14	19
Zotu221	10	11	9
Zotu2898	0	51	19
Zotu1791	32	11	23
Zotu1814	4	0	3
Zotu562	3	5	4
Zotu166	16	16	14
Zotu5669	6	28	13
Zotu262	4	6	7
Zotu1181	13	311	7
Zotu1236	8	4	4
Zotu3609	20	62	6
Zotu7351	1	0	1
Zotu535	4	16	4
Zotu555	6	8	5
Zotu4436	0	34	10
Zotu573	1	8	4
Zotu503	4	2	5
Zotu224	7	15	10
Zotu4800	0	1	8
Zotu1609	0	2	2
Zotu1763	9	3	2
Zotu2810	0	0	1
Zotu214	6	7	7
Zotu413	4	3	5
Zotu2073	3	5	4
Zotu1471	1	0	2
Zotu322	18	10	6
Zotu6496	13	2	9
Zotu255	10	10	8
Zotu448	1	9	4
Zotu927	0	0	2
Zotu576	3	3	5
Zotu3218	0	49	11
Zotu1893	1	4	1
Zotu300	2	4	3
Zotu7116	2	2	1
Zotu4792	0	15	16
Zotu1303	1	2	1
Zotu6079	2	2	1
Zotu1276	0	3	1
Zotu1854	0	0	2
Zotu498	2	1	4
Zotu7445	0	1	1
Zotu1957	1	1	2
Zotu550	5	5	7
Zotu7818	0	1	1
Zotu828	2	2	6
Zotu4107	0	0	1
Zotu7218	3	0	2
Zotu367	1	7	1
Zotu2917	0	0	1
Zotu6690	2	19	5
Zotu1507	0	0	1
Zotu6556	0	1	2
Zotu403	2	4	8
Zotu4902	7	32	4
Zotu7034	0	23	1
Zotu4359	0	8	4
Zotu777	0	3	2
Zotu1590	0	0	2
Zotu3203	2	0	0
Zotu938	1	0	0
Zotu897	1	4	1
Zotu1563	1	0	0
Zotu6713	2	21	0
Zotu1849	1	2	0
Zotu1511	2	147	0
Zotu2901	3	94	1
Zotu1298	6	265	1
Zotu961	6	2	3
Zotu2950	6	219	0
Zotu776	4	36	1
Zotu711	2	7	0
Zotu1765	1	1	0
Zotu898	1	1	0
Zotu5284	1	1	1
Zotu7745	2	0	0
Zotu763	1	0	0
Zotu152	8	3	6
Zotu160	1	0	0
Zotu1409	1	0	0
Zotu3989	1	2	1
Zotu943	1	4	2
Zotu3947	2	5	0
Zotu4746	1	0	1
Zotu8231	1	4	0
Zotu3560	1	0	2
Zotu2013	1	1	0
Zotu4927	0	44	0
Zotu6398	0	44	0
Zotu6597	0	42	0
Zotu2623	0	119	3
Zotu7751	0	159	0
Zotu5517	0	25	0
Zotu4877	0	4	0
Zotu4360	0	43	0
Zotu1049	0	2	0
Zotu63	15	2937	35
Zotu2172	0	2	0
Zotu5989	0	1	0
Zotu2140	0	2	1
Zotu595	0	4	2
Zotu8	337	832	593
Zotu1675	0	1	0
Zotu5246	0	4	0
Zotu1159	0	2	0
Zotu3042	0	1	0
Zotu327	0	1	0
Zotu4273	0	5	0
Zotu519	0	1	1
Zotu736	0	2	0
Zotu4208	0	3	1
Zotu4080	0	1	0
Zotu145	0	1	0
Zotu1315	0	3	1
Zotu5841	0	1	1
Zotu4567	0	1	0
Zotu8156	0	1	0
Zotu1480	0	3	0
Zotu128	0	1	0
Zotu1830	0	2	0
Zotu1679	0	1	1
Zotu7604	0	2	0
Zotu1275	0	3	0
Zotu5997	0	1	0
Zotu2367	0	1	1
Zotu2862	0	1	0
Zotu2476	0	1	0
Zotu612	0	1	2
Zotu2716	0	1	0
Zotu5953	0	3	0
Zotu3634	0	1	0
Zotu1029	0	0	3
Zotu2954	0	0	1
Zotu149	14	20	28
Zotu1488	0	0	1
Zotu297	0	0	1
Zotu5621	0	0	1
Zotu151	10	18	11
Zotu243	5	8	6
Zotu14	175	280	235
Zotu161	14	23	12
Zotu308	1045	1	15
Zotu1740	0	1	0
Zotu319	15	133	723
Zotu41	980	303	5299
Zotu176	86	1892	19
Zotu5235	12	7	0
Zotu3439	93	39	307
Zotu3808	1	1	0
Zotu404	1	0	0
Zotu4887	1	2	0
Zotu2035	195	62	494
Zotu411	7	34	5
Zotu57	33	56	46
Zotu150	12	26	12
Zotu950	2	150	1
Zotu86	21	54	34
Zotu729	5	14	1
Zotu5688	1	5	6
Zotu1195	0	1	1
Zotu90	21	22	33
Zotu2622	45	1	24
Zotu148	8	23	11
Zotu323	3	8	6
Zotu1988	1	0	0
Zotu272	6	6	5
Zotu4003	0	0	4
Zotu2763	1	4	3
Zotu15	170	299	267
Zotu3102	5	3	0
Zotu276	3	2	3
Zotu5960	1	0	0
Zotu16	138	239	191
Zotu523	3	4	3
Zotu1079	1	3	0
Zotu1423	1	0	0
Zotu1463	0	5	1
Zotu6368	0	1	0
Zotu5917	0	0	1
Zotu3336	0	2	1
Zotu18	113	265	203
Zotu77	24	38	33
Zotu3	442	765	568
Zotu3316	0	0	1
Zotu836	1	6	3
Zotu110	16	20	19
Zotu548	1	3	2
Zotu2962	1	0	0
Zotu5049	18	21	9
Zotu4319	0	1	1
Zotu3300	0	1	1
Zotu4760	0	27	1
Zotu2379	0	1	1
Zotu333	3	7	6
Zotu3322	1	0	0
Zotu7703	3	4	3
Zotu2706	3	2	0
Zotu2443	0	2	1
Zotu19	156	328	229
Zotu103	12	35	34
Zotu2227	2	1	0
Zotu70	38	39	32
Zotu138	11	26	17
Zotu5252	6	3	1
